{"nbformat":4,"nbformat_minor":0,"metadata":{"colab":{"provenance":[],"authorship_tag":"ABX9TyNiT8aVUF1AQ1DMMd9PdPX/"},"kernelspec":{"name":"python3","display_name":"Python 3"},"language_info":{"name":"python"}},"cells":[{"cell_type":"code","execution_count":null,"metadata":{"id":"f2J630OtMcrs"},"outputs":[],"source":["import tensorflow as tf"]},{"cell_type":"code","source":["tf.random.set_seed(10)\n","\n","t1 = tf.random.uniform((3,3), minval=10, maxval=99, dtype=tf.float32, seed=5)\n","t2 = tf.random.uniform((3,3), minval=10, maxval=99, dtype=tf.float32, seed=5)\n","\n","t1, t2"],"metadata":{"colab":{"base_uri":"https://localhost:8080/"},"id":"gqjzpSQjMgPc","executionInfo":{"status":"ok","timestamp":1729449410260,"user_tz":180,"elapsed":338,"user":{"displayName":"Albert Alvin","userId":"02286313518577742791"}},"outputId":"941ab60e-5819-4e9d-d4db-1faa3ede8e8e"},"execution_count":null,"outputs":[{"output_type":"execute_result","data":{"text/plain":["(<tf.Tensor: shape=(3, 3), dtype=float32, numpy=\n"," array([[98.060295, 42.801506, 20.338509],\n","        [86.77901 , 52.351753, 50.67973 ],\n","        [59.203354, 41.111343, 97.92624 ]], dtype=float32)>,\n"," <tf.Tensor: shape=(3, 3), dtype=float32, numpy=\n"," array([[63.196625, 20.382484, 94.481964],\n","        [27.182152, 17.855484, 51.201702],\n","        [41.111584, 95.10234 , 58.049408]], dtype=float32)>)"]},"metadata":{},"execution_count":9}]},{"cell_type":"code","source":["# cross product\n","tf.linalg.cross(t1, t2)"],"metadata":{"colab":{"base_uri":"https://localhost:8080/"},"id":"XV-n9nkKNs64","executionInfo":{"status":"ok","timestamp":1729449560615,"user_tz":180,"elapsed":337,"user":{"displayName":"Albert Alvin","userId":"02286313518577742791"}},"outputId":"4bc27cfe-7424-4a9d-8292-b1a2105f2ae4"},"execution_count":null,"outputs":[{"output_type":"execute_result","data":{"text/plain":["<tf.Tensor: shape=(3, 3), dtype=float32, numpy=\n","array([[ 3629.4211  , -7979.6045  ,  -706.19824 ],\n","       [ 1775.5876  , -3065.649   ,   126.447876],\n","       [-6926.5254  ,   589.1831  ,  3940.225   ]], dtype=float32)>"]},"metadata":{},"execution_count":13}]},{"cell_type":"code","source":["# puts each row in a diagonal matrix\n","tf.linalg.diag(t2)"],"metadata":{"colab":{"base_uri":"https://localhost:8080/"},"id":"fUbxra8vOIFN","executionInfo":{"status":"ok","timestamp":1729449554205,"user_tz":180,"elapsed":338,"user":{"displayName":"Albert Alvin","userId":"02286313518577742791"}},"outputId":"c8a0a190-6525-4478-e53d-7efaaabcc62d"},"execution_count":null,"outputs":[{"output_type":"execute_result","data":{"text/plain":["<tf.Tensor: shape=(3, 3, 3), dtype=float32, numpy=\n","array([[[63.196625,  0.      ,  0.      ],\n","        [ 0.      , 20.382484,  0.      ],\n","        [ 0.      ,  0.      , 94.481964]],\n","\n","       [[27.182152,  0.      ,  0.      ],\n","        [ 0.      , 17.855484,  0.      ],\n","        [ 0.      ,  0.      , 51.201702]],\n","\n","       [[41.111584,  0.      ,  0.      ],\n","        [ 0.      , 95.10234 ,  0.      ],\n","        [ 0.      ,  0.      , 58.049408]]], dtype=float32)>"]},"metadata":{},"execution_count":12}]},{"cell_type":"code","source":["tf.linalg.det(t1), tf.linalg.det(t2)"],"metadata":{"colab":{"base_uri":"https://localhost:8080/"},"id":"zyyeFQRyOhxs","executionInfo":{"status":"ok","timestamp":1729449592763,"user_tz":180,"elapsed":337,"user":{"displayName":"Albert Alvin","userId":"02286313518577742791"}},"outputId":"6c20ff46-6a61-4ca4-e0f3-30cdea9ab850"},"execution_count":null,"outputs":[{"output_type":"execute_result","data":{"text/plain":["(<tf.Tensor: shape=(), dtype=float32, numpy=72627.09>,\n"," <tf.Tensor: shape=(), dtype=float32, numpy=-56595.438>)"]},"metadata":{},"execution_count":15}]},{"cell_type":"code","source":["tf.linalg.adjoint(t1)"],"metadata":{"colab":{"base_uri":"https://localhost:8080/"},"id":"Anx6WW6oO1LF","executionInfo":{"status":"ok","timestamp":1729449662052,"user_tz":180,"elapsed":357,"user":{"displayName":"Albert Alvin","userId":"02286313518577742791"}},"outputId":"ef2ba965-4256-4d16-fd4e-08a745122c08"},"execution_count":null,"outputs":[{"output_type":"execute_result","data":{"text/plain":["<tf.Tensor: shape=(3, 3), dtype=float32, numpy=\n","array([[98.060295, 86.77901 , 59.203354],\n","       [42.801506, 52.351753, 41.111343],\n","       [20.338509, 50.67973 , 97.92624 ]], dtype=float32)>"]},"metadata":{},"execution_count":16}]},{"cell_type":"code","source":["# Inverse matrix\n","tf.linalg.inv(t1)"],"metadata":{"colab":{"base_uri":"https://localhost:8080/"},"id":"AtNSTXZsO9GS","executionInfo":{"status":"ok","timestamp":1729449722333,"user_tz":180,"elapsed":403,"user":{"displayName":"Albert Alvin","userId":"02286313518577742791"}},"outputId":"14a900e8-7863-4672-8b59-df0b4c20eb4b"},"execution_count":null,"outputs":[{"output_type":"execute_result","data":{"text/plain":["<tf.Tensor: shape=(3, 3), dtype=float32, numpy=\n","array([[ 0.04190034, -0.04619831,  0.01520662],\n","       [-0.07569537,  0.11563967, -0.04412562],\n","       [ 0.00644666, -0.02061763,  0.01954308]], dtype=float32)>"]},"metadata":{},"execution_count":19}]},{"cell_type":"code","source":["# Singular Value Decomposition\n","s, u, v = tf.linalg.svd(t1)\n","\n","s, u, v"],"metadata":{"colab":{"base_uri":"https://localhost:8080/"},"id":"qdqnkZi_Plwk","executionInfo":{"status":"ok","timestamp":1729450040715,"user_tz":180,"elapsed":4,"user":{"displayName":"Albert Alvin","userId":"02286313518577742791"}},"outputId":"7bf7c4e0-9a24-4916-9655-9080c2511b9d"},"execution_count":null,"outputs":[{"output_type":"execute_result","data":{"text/plain":["(<tf.Tensor: shape=(3,), dtype=float32, numpy=array([188.78337 ,  61.708015,   6.234377], dtype=float32)>,\n"," <tf.Tensor: shape=(3, 3), dtype=float32, numpy=\n"," array([[ 0.53581476, -0.6519194 , -0.53656673],\n","        [ 0.5974837 , -0.15626654,  0.78650755],\n","        [ 0.5965869 ,  0.7420122 , -0.30578122]], dtype=float32)>,\n"," <tf.Tensor: shape=(3, 3), dtype=float32, numpy=\n"," array([[ 0.7400606 , -0.5438264 , -0.39568058],\n","        [ 0.41708907, -0.09040706,  0.90435797],\n","        [ 0.527586  ,  0.83431375, -0.15991734]], dtype=float32)>)"]},"metadata":{},"execution_count":21}]},{"cell_type":"code","source":["# different ways of doing the same thing\n","x1 = tf.linalg.matmul(t1, t2, transpose_a=True, transpose_b=True)\n","x2 = tf.linalg.matrix_transpose(t1)@tf.linalg.matrix_transpose(t2)\n","\n","x1, x2, x1 == x2"],"metadata":{"colab":{"base_uri":"https://localhost:8080/"},"id":"37sRNBkwQcOs","executionInfo":{"status":"ok","timestamp":1729450212418,"user_tz":180,"elapsed":350,"user":{"displayName":"Albert Alvin","userId":"02286313518577742791"}},"outputId":"69bfce23-a0ef-4d0b-d472-5be3ef566320"},"execution_count":null,"outputs":[{"output_type":"execute_result","data":{"text/plain":["(<tf.Tensor: shape=(3, 3), dtype=float32, numpy=\n"," array([[13559.501 ,  7246.283 , 15721.0205],\n","        [ 7656.25  ,  4203.174 ,  9124.901 ],\n","        [11570.567 ,  6471.7456, 11340.47  ]], dtype=float32)>,\n"," <tf.Tensor: shape=(3, 3), dtype=float32, numpy=\n"," array([[13559.501 ,  7246.283 , 15721.0205],\n","        [ 7656.25  ,  4203.174 ,  9124.901 ],\n","        [11570.567 ,  6471.7456, 11340.47  ]], dtype=float32)>,\n"," <tf.Tensor: shape=(3, 3), dtype=bool, numpy=\n"," array([[ True,  True,  True],\n","        [ True,  True,  True],\n","        [ True,  True,  True]])>)"]},"metadata":{},"execution_count":24}]}]}